+-----------+-------------------+-----------------+--------------------+-------------------+--------------------+-----------------+----------------------+----------------------+-----------------+-----------------------+
| osd / osd | subop_latency     | op_latency      | op_r_latency       | subop_w_latency   | op_process_latency | op_rw_latency   | op_w_process_latency | op_r_process_latency | op_w_latency    | op_rw_process_latency |
|           | [50%, 95%]        | [50%, 95%]      | [50%, 95%]         | [50%, 95%]        | [50%, 95%]         | [50%, 95%]      | [50%, 95%]           | [50%, 95%]           | [50%, 95%]      | [50%, 95%]            |
+-----------+-------------------+-----------------+--------------------+-------------------+--------------------+-----------------+----------------------+----------------------+-----------------+-----------------------+
| 0         | [0.00699, 0.747]  | [0.0599, 1.62]  | [0, 0.02]          | [0.00699, 0.747]  | [0.0315, 1.62]     | [0.0277, 1.02]  | [0.0309, 1.69]       | [0, 0.0197]          | [0.0564, 1.68]  | [0.0239, 1.02]        |
+-----------+-------------------+-----------------+--------------------+-------------------+--------------------+-----------------+----------------------+----------------------+-----------------+-----------------------+
| 1         | [0.00481, 0.115]  | [0.0528, 1.09]  | [0.00141, 0.0874]  | [0.00481, 0.115]  | [0.045, 0.867]     | [0.0271, 0.984] | [0.0474, 0.82]       | [0.00019, 0.0176]    | [0.073, 1.02]   | [0.023, 0.898]        |
+-----------+-------------------+-----------------+--------------------+-------------------+--------------------+-----------------+----------------------+----------------------+-----------------+-----------------------+
| 4         | [0.00151, 0.915]  | [0.0161, 2.99]  | [0, 1.63]          | [0.00151, 0.915]  | [0.014, 1.36]      | [0.00807, 2.66] | [0.0117, 1.09]       | [0, 1.63]            | [0.0123, 2.99]  | [0.00625, 1.93]       |
+-----------+-------------------+-----------------+--------------------+-------------------+--------------------+-----------------+----------------------+----------------------+-----------------+-----------------------+
| 5         | [0.0168, 0.338]   | [0.0394, 1.36]  | [0, 0.111]         | [0.0168, 0.338]   | [0.0387, 0.667]    | [0.0874, 1.42]  | [0.0448, 0.67]       | [0, 0.0929]          | [0.0683, 1.02]  | [0.0446, 1.13]        |
+-----------+-------------------+-----------------+--------------------+-------------------+--------------------+-----------------+----------------------+----------------------+-----------------+-----------------------+
| 6         | [0.00147, 0.303]  | [0.0546, 1.51]  | [0, 0.0565]        | [0.00147, 0.303]  | [0.0295, 1.21]     | [0.0256, 1.74]  | [0.0228, 0.167]      | [0, 0.0484]          | [0.0536, 1.39]  | [0.0225, 1.19]        |
+-----------+-------------------+-----------------+--------------------+-------------------+--------------------+-----------------+----------------------+----------------------+-----------------+-----------------------+
| 7         | [0.0217, 0.918]   | [0.137, 1.36]   | [0, 0.0571]        | [0.0217, 0.918]   | [0.0324, 0.328]    | [0.0861, 0.952] | [0.0483, 0.336]      | [0, 0.0365]          | [0.152, 1.31]   | [0.039, 0.125]        |
+-----------+-------------------+-----------------+--------------------+-------------------+--------------------+-----------------+----------------------+----------------------+-----------------+-----------------------+
| 8         | [0.00414, 0.251]  | [0.0207, 1.67]  | [0, 0.755]         | [0.00414, 0.251]  | [0.0172, 0.756]    | [0.00766, 1.09] | [0.037, 0.948]       | [0, 0.0744]          | [0.0444, 0.948] | [0.00642, 0.369]      |
+-----------+-------------------+-----------------+--------------------+-------------------+--------------------+-----------------+----------------------+----------------------+-----------------+-----------------------+
| 9         | [0.00501, 0.0205] | [0.0835, 0.506] | [0.000332, 0.0117] | [0.00501, 0.0205] | [0.0415, 0.506]    | [0.0145, 0.892] | [0.0507, 0.461]      | [4.55e-05, 0.0114]   | [0.0976, 0.461] | [0.0139, 0.891]       |
+-----------+-------------------+-----------------+--------------------+-------------------+--------------------+-----------------+----------------------+----------------------+-----------------+-----------------------+
| 10        | [0.00807, 0.344]  | [0.0836, 5.31]  | [0, 0.0773]        | [0.00807, 0.344]  | [0.0481, 3.59]     | [0.0289, 1.78]  | [0.0357, 3.48]       | [0, 0.0484]          | [0.0568, 5.58]  | [0.00678, 0.956]      |
+-----------+-------------------+-----------------+--------------------+-------------------+--------------------+-----------------+----------------------+----------------------+-----------------+-----------------------+
| 11        | [0.00304, 0.311]  | [0.0469, 0.985] | [0.00069, 0.00621] | [0.00304, 0.311]  | [0.0385, 0.984]    | [0.0112, 0.775] | [0.0435, 1.04]       | [0.000104, 0.0059]   | [0.0575, 1.04]  | [0.0104, 0.774]       |
+-----------+-------------------+-----------------+--------------------+-------------------+--------------------+-----------------+----------------------+----------------------+-----------------+-----------------------+