+-----------------+-------------------------------+----------------------+--------------+--------------------+------------------+---------------------+
| osd / filestore | queue_transaction_latency_avg | op_queue_bytes       | op_queue_ops | journal_latency    | apply_latency    | commitcycle_latency |
|                 | [avg, dev]                    | [avg, dev]           | [avg, dev]   | [50%, 95%]         | [50%, 95%]       | [50%, 95%]          |
+-----------------+-------------------------------+----------------------+--------------+--------------------+------------------+---------------------+
| 0               | [2.39e-06, 1.05e-05]          | [6.82e+05, 2.58e+06] | [0.92, 1.87] | [0.000462, 0.17]   | [0.00387, 0.199] | [0, 1.25]           |
+-----------------+-------------------------------+----------------------+--------------+--------------------+------------------+---------------------+
| 1               | [7.33e-06, 2.36e-05]          | [7.14e+05, 2.35e+06] | [1.75, 4.44] | [0.0019, 0.0124]   | [0.0112, 0.532]  | [0, 1.75]           |
+-----------------+-------------------------------+----------------------+--------------+--------------------+------------------+---------------------+
| 4               | [3.84e-06, 1.76e-05]          | [3.05e+06, 8.83e+06] | [3, 6.93]    | [0.000341, 0.13]   | [0.0021, 0.5]    | [0, 1.72]           |
+-----------------+-------------------------------+----------------------+--------------+--------------------+------------------+---------------------+
| 5               | [3.06e-05, 0.0001]            | [1.06e+06, 3.48e+06] | [1.75, 3.92] | [0.00176, 0.0145]  | [0.0202, 0.236]  | [0, 1.97]           |
+-----------------+-------------------------------+----------------------+--------------+--------------------+------------------+---------------------+
| 6               | [3.25e-06, 1.48e-05]          | [1.72e+05, 8.26e+05] | [0.4, 1.1]   | [0.000736, 0.0466] | [0.00296, 0.167] | [0, 1.91]           |
+-----------------+-------------------------------+----------------------+--------------+--------------------+------------------+---------------------+
| 7               | [1.56e-05, 5.1e-05]           | [3.78e+05, 1.15e+06] | [2.75, 5.67] | [0.00112, 0.0171]  | [0.0329, 0.451]  | [0, 1.9]            |
+-----------------+-------------------------------+----------------------+--------------+--------------------+------------------+---------------------+
| 8               | [2.26e-06, 9.94e-06]          | [1.98e+05, 8.25e+05] | [0.96, 3]    | [0.000281, 0.0958] | [0.00279, 0.189] | [0, 1.98]           |
+-----------------+-------------------------------+----------------------+--------------+--------------------+------------------+---------------------+
| 9               | [1.09e-05, 3.53e-05]          | [7.15e+05, 2.36e+06] | [1.42, 3.66] | [0.000753, 0.013]  | [0.00187, 0.269] | [0, 1.59]           |
+-----------------+-------------------------------+----------------------+--------------+--------------------+------------------+---------------------+
| 10              | [3.74e-06, 1.71e-05]          | [5.09e+05, 2.48e+06] | [0.76, 1.77] | [0.00189, 0.037]   | [0.00469, 0.273] | [0, 1.51]           |
+-----------------+-------------------------------+----------------------+--------------+--------------------+------------------+---------------------+
| 11              | [1.15e-05, 3.71e-05]          | [7.19e+05, 2.38e+06] | [1.5, 4.68]  | [0.00254, 0.0225]  | [0.00693, 0.568] | [0, 1.96]           |
+-----------------+-------------------------------+----------------------+--------------+--------------------+------------------+---------------------+