+--------------------------+-----------------+-----------------+--------------------+-----------------------+---------------+--------------------+-----------------+----------------+-----------------+----------------+--------------------+---------------------------------+-------------------+-----------------+-----------------------+--------------------+-----------------------------------+---------------+------------------------------------+--------------------------+---------------+---------------+
| osd / recoverystate_perf | initial_latency | peering_latency | waitupthru_latency | RepRecovering_latency | stray_latency | getmissing_latency | primary_latency | getlog_latency | getinfo_latency | active_latency | activating_latency | repwaitrecoveryreserved_latency | recovered_latency | started_latency | replicaactive_latency | recovering_latency | waitlocalrecoveryreserved_latency | clean_latency | waitremoterecoveryreserved_latency | repnotrecovering_latency | start_latency | reset_latency |
|                          | [50%, 95%]      | [50%, 95%]      | [50%, 95%]         | [50%, 95%]            | [50%, 95%]    | [50%, 95%]         | [50%, 95%]      | [50%, 95%]     | [50%, 95%]      | [50%, 95%]     | [50%, 95%]         | [50%, 95%]                      | [50%, 95%]        | [50%, 95%]      | [50%, 95%]            | [50%, 95%]         | [50%, 95%]                        | [50%, 95%]    | [50%, 95%]                         | [50%, 95%]               | [50%, 95%]    | [50%, 95%]    |
+--------------------------+-----------------+-----------------+--------------------+-----------------------+---------------+--------------------+-----------------+----------------+-----------------+----------------+--------------------+---------------------------------+-------------------+-----------------+-----------------------+--------------------+-----------------------------------+---------------+------------------------------------+--------------------------+---------------+---------------+
| 0                        | [0, 0]          | [0, 0]          | [0, 0]             | [0, 0]                | [0, 0]        | [0, 0]             | [0, 0]          | [0, 0]         | [0, 0]          | [0, 0]         | [0, 0]             | [0, 0]                          | [0, 0]            | [0, 0]          | [0, 0]                | [0, 0]             | [0, 0]                            | [0, 0]        | [0, 0]                             | [0, 0]                   | [0, 0]        | [0, 0]        |
+--------------------------+-----------------+-----------------+--------------------+-----------------------+---------------+--------------------+-----------------+----------------+-----------------+----------------+--------------------+---------------------------------+-------------------+-----------------+-----------------------+--------------------+-----------------------------------+---------------+------------------------------------+--------------------------+---------------+---------------+
| 1                        | [0, 0]          | [0, 0]          | [0, 0]             | [0, 0]                | [0, 0]        | [0, 0]             | [0, 0]          | [0, 0]         | [0, 0]          | [0, 0]         | [0, 0]             | [0, 0]                          | [0, 0]            | [0, 0]          | [0, 0]                | [0, 0]             | [0, 0]                            | [0, 0]        | [0, 0]                             | [0, 0]                   | [0, 0]        | [0, 0]        |
+--------------------------+-----------------+-----------------+--------------------+-----------------------+---------------+--------------------+-----------------+----------------+-----------------+----------------+--------------------+---------------------------------+-------------------+-----------------+-----------------------+--------------------+-----------------------------------+---------------+------------------------------------+--------------------------+---------------+---------------+
| 4                        | [0, 0]          | [0, 0]          | [0, 0]             | [0, 0]                | [0, 0]        | [0, 0]             | [0, 0]          | [0, 0]         | [0, 0]          | [0, 0]         | [0, 0]             | [0, 0]                          | [0, 0]            | [0, 0]          | [0, 0]                | [0, 0]             | [0, 0]                            | [0, 0]        | [0, 0]                             | [0, 0]                   | [0, 0]        | [0, 0]        |
+--------------------------+-----------------+-----------------+--------------------+-----------------------+---------------+--------------------+-----------------+----------------+-----------------+----------------+--------------------+---------------------------------+-------------------+-----------------+-----------------------+--------------------+-----------------------------------+---------------+------------------------------------+--------------------------+---------------+---------------+
| 5                        | [0, 0]          | [0, 0]          | [0, 0]             | [0, 0]                | [0, 0]        | [0, 0]             | [0, 0]          | [0, 0]         | [0, 0]          | [0, 0]         | [0, 0]             | [0, 0]                          | [0, 0]            | [0, 0]          | [0, 0]                | [0, 0]             | [0, 0]                            | [0, 0]        | [0, 0]                             | [0, 0]                   | [0, 0]        | [0, 0]        |
+--------------------------+-----------------+-----------------+--------------------+-----------------------+---------------+--------------------+-----------------+----------------+-----------------+----------------+--------------------+---------------------------------+-------------------+-----------------+-----------------------+--------------------+-----------------------------------+---------------+------------------------------------+--------------------------+---------------+---------------+
| 6                        | [0, 0]          | [0, 0]          | [0, 0]             | [0, 0]                | [0, 0]        | [0, 0]             | [0, 0]          | [0, 0]         | [0, 0]          | [0, 0]         | [0, 0]             | [0, 0]                          | [0, 0]            | [0, 0]          | [0, 0]                | [0, 0]             | [0, 0]                            | [0, 0]        | [0, 0]                             | [0, 0]                   | [0, 0]        | [0, 0]        |
+--------------------------+-----------------+-----------------+--------------------+-----------------------+---------------+--------------------+-----------------+----------------+-----------------+----------------+--------------------+---------------------------------+-------------------+-----------------+-----------------------+--------------------+-----------------------------------+---------------+------------------------------------+--------------------------+---------------+---------------+
| 7                        | [0, 0]          | [0, 0]          | [0, 0]             | [0, 0]                | [0, 0]        | [0, 0]             | [0, 0]          | [0, 0]         | [0, 0]          | [0, 0]         | [0, 0]             | [0, 0]                          | [0, 0]            | [0, 0]          | [0, 0]                | [0, 0]             | [0, 0]                            | [0, 0]        | [0, 0]                             | [0, 0]                   | [0, 0]        | [0, 0]        |
+--------------------------+-----------------+-----------------+--------------------+-----------------------+---------------+--------------------+-----------------+----------------+-----------------+----------------+--------------------+---------------------------------+-------------------+-----------------+-----------------------+--------------------+-----------------------------------+---------------+------------------------------------+--------------------------+---------------+---------------+
| 8                        | [0, 0]          | [0, 0]          | [0, 0]             | [0, 0]                | [0, 0]        | [0, 0]             | [0, 0]          | [0, 0]         | [0, 0]          | [0, 0]         | [0, 0]             | [0, 0]                          | [0, 0]            | [0, 0]          | [0, 0]                | [0, 0]             | [0, 0]                            | [0, 0]        | [0, 0]                             | [0, 0]                   | [0, 0]        | [0, 0]        |
+--------------------------+-----------------+-----------------+--------------------+-----------------------+---------------+--------------------+-----------------+----------------+-----------------+----------------+--------------------+---------------------------------+-------------------+-----------------+-----------------------+--------------------+-----------------------------------+---------------+------------------------------------+--------------------------+---------------+---------------+
| 9                        | [0, 0]          | [0, 0]          | [0, 0]             | [0, 0]                | [0, 0]        | [0, 0]             | [0, 0]          | [0, 0]         | [0, 0]          | [0, 0]         | [0, 0]             | [0, 0]                          | [0, 0]            | [0, 0]          | [0, 0]                | [0, 0]             | [0, 0]                            | [0, 0]        | [0, 0]                             | [0, 0]                   | [0, 0]        | [0, 0]        |
+--------------------------+-----------------+-----------------+--------------------+-----------------------+---------------+--------------------+-----------------+----------------+-----------------+----------------+--------------------+---------------------------------+-------------------+-----------------+-----------------------+--------------------+-----------------------------------+---------------+------------------------------------+--------------------------+---------------+---------------+
| 10                       | [0, 0]          | [0, 0]          | [0, 0]             | [0, 0]                | [0, 0]        | [0, 0]             | [0, 0]          | [0, 0]         | [0, 0]          | [0, 0]         | [0, 0]             | [0, 0]                          | [0, 0]            | [0, 0]          | [0, 0]                | [0, 0]             | [0, 0]                            | [0, 0]        | [0, 0]                             | [0, 0]                   | [0, 0]        | [0, 0]        |
+--------------------------+-----------------+-----------------+--------------------+-----------------------+---------------+--------------------+-----------------+----------------+-----------------+----------------+--------------------+---------------------------------+-------------------+-----------------+-----------------------+--------------------+-----------------------------------+---------------+------------------------------------+--------------------------+---------------+---------------+
| 11                       | [0, 0]          | [0, 0]          | [0, 0]             | [0, 0]                | [0, 0]        | [0, 0]             | [0, 0]          | [0, 0]         | [0, 0]          | [0, 0]         | [0, 0]             | [0, 0]                          | [0, 0]            | [0, 0]          | [0, 0]                | [0, 0]             | [0, 0]                            | [0, 0]        | [0, 0]                             | [0, 0]                   | [0, 0]        | [0, 0]        |
+--------------------------+-----------------+-----------------+--------------------+-----------------------+---------------+--------------------+-----------------+----------------+-----------------+----------------+--------------------+---------------------------------+-------------------+-----------------+-----------------------+--------------------+-----------------------------------+---------------+------------------------------------+--------------------------+---------------+---------------+